              precision    recall  f1-score   support

       과자(0)       0.62      0.75      0.68      2465
      디저트(1)       0.59      0.47      0.52       114
       면류(2)       0.74      0.44      0.55       187
      미분류(3)       0.33      0.19      0.24        21
    상온HMR(4)       0.65      0.66      0.66      1347
     생활용품(5)       0.61      0.61      0.61      1572
       소스(6)       0.76      0.67      0.71       519
      유제품(7)       0.65      0.56      0.60       433
       음료(8)       0.85      0.85      0.85      1577
     의약외품(9)       0.55      0.38      0.45       324
    이_미용(10)       0.83      0.87      0.85      2962
      주류(11)       0.89      0.80      0.84       406
     커피차(12)       0.59      0.52      0.56       743
  통조림_안주(13)       0.81      0.67      0.73       478
     홈클린(14)       0.62      0.53      0.57       576

    accuracy                           0.71     13724
   macro avg       0.67      0.60      0.63     13724
weighted avg       0.71      0.71      0.71     13724

